/*
C/2019 Q4 (Borisov)

	For updated values see: https://ssd.jpl.nasa.gov/sbdb.cgi

	# obs. used (total) 116
	data-arc span 13 days
	first obs. used 2019-08-30
	last obs. used 2019-09-12
	planetary ephem. DE431
	SB-pert. ephem. SB431-N16
	norm. resid. RMS .55359
	source ORB
	producer Davide Farnocchia
	solution date 2019-Sep-12 09:40:31

*/

//REFERENCE SOLUTION
SpiceChar ini_to_date[]="2019-Sep-09.0";
double ini_to_jed=2458735.5;
SpiceChar reference_solution[]="JPL 4";

//ORBITAL ELEMENTS WITH ERRORS
double ini_e=3.635363102615178,ini_de=0.14593;//adim.
double ini_a=-.7856957098425218,ini_da=0.031443;//au
double ini_q=2.070593483602023,ini_dq=0.031806;//au
double ini_i=43.48353042247117,ini_di=0.27923;//deg
double ini_W=308.7089145318114,ini_dW=0.27828;//deg
double ini_w=207.7029108993279,ini_dw=0.67462;//deg
double ini_M=-125.9859161053173,ini_dM=6.5044;//deg
double ini_n=1.41521525483231,ini_dn=0.084953;//deg/d
double ini_tp=2458824.522440703019;//jed
SpiceChar ini_tp_date[]="2019-Dec-07.02244070";
double ini_tp_jed=0.74811;//jed

//COVARIANCE MATRIX
//ORDER IS: e,q,tp,W,w,i
double ini_cov[][6]={
	{.02129471564940271,.004639835869552257,-.1091563467586793,.04060670554616048,-.09837499565651044,-.04074208069812483},
	{.004639835869552257,.001011644409192504,-.02379334357226357,.008850173769771088,-.02145565860273535,-.008880561093235923},
	{-.1091563467586793,-.02379334357226357,.5596703181525133,-.208184294363167,.5045645695900899,.2088907388756436},
	{.04060670554616048,.008850173769771088,-.208184294363167,.07744205192576377,-.1876676256289869,-.07770362726790085},
	{-.09837499565651044,-.02145565860273535,.5045645695900899,-.1876676256289869,.4551086736500189,.1883204922841681},
	{-.04074208069812483,-.008880561093235923,.2088907388756436,-.07770362726790085,.1883204922841681,.07796733382594068},
};